0 0 0 0 0 0 0 0 0
3 1 1 1 1 1 1 1 1
2 4 4 2 2 2 2 2 2
1 3 3 3 3 3 3 3 3
4 2 2 4 4 4 4 4 4
5 5 5 5 5 5 5 5 5

Permutation of 2 edges and 2 angles (Z)
X X O
O O O
O X X

14
020002233555411444533220222


0 0 0 0 0 0 0 0 0
1 1 1 1 1 1 1 1 1
2 3 3 2 2 2 2 2 2
4 2 2 3 3 3 3 3 3
3 4 4 4 4 4 4 4 4
5 5 5 5 5 5 5 5 5

Permutation of 2 edges and 2 angles (J)
O O X
O O X
O X X

10
33555333533344100011144


0 0 0 0 0 0 0 0 0
1 1 2 1 1 1 1 1 1
3 4 1 2 2 2 2 2 2
2 3 3 3 3 3 3 3 3
4 2 4 4 4 4 4 4 4
5 5 5 5 5 5 5 5 5

Permutation of 2 edges and 2 angles (T)
O X O
O O O
X X X

11
011000115223303355522


0 0 0 0 0 0 0 0 0
1 2 3 1 1 1 1 1 1
4 1 2 2 2 2 2 2 2
3 3 1 3 3 3 3 3 3
2 4 4 4 4 4 4 4 4
5 5 5 5 5 5 5 5 5

Permutation of 2 edges and 2 angles.
O O X
X O O
X X O

13
1102252200022255521144404


0 0 0 0 0 0 0 0 0
3 2 1 1 1 1 1 1 1
2 1 4 2 2 2 2 2 2
1 3 3 3 3 3 3 3 3
4 4 2 4 4 4 4 4 4
5 5 5 5 5 5 5 5 5

Permutation of 2 edges and 2 angles
X O O
X O O
O X X

14
1100022022155515111010001


0 0 0 0 0 0 0 0 0
1 3 2 1 1 1 1 1 1
3 2 1 2 2 2 2 2 2
2 1 3 3 3 3 3 3 3
4 4 4 4 4 4 4 4 4
5 5 5 5 5 5 5 5 5

Permutation of 2 edges and 2 angles
O O O
X O X
X O X

14
011221130003441115333441333


0 0 0 0 0 0 0 0 0
1 4 2 1 1 1 1 1 1
3 2 1 2 2 2 2 2 2
2 3 3 3 3 3 3 3 3
4 1 4 4 4 4 4 4 4
5 5 5 5 5 5 5 5 5

Permutation of 2 edges and 2 angles
O X O
X O O
X O X

14
0112200011100010102210001


0 0 0 0 0 0 0 0 0
4 1 2 1 1 1 1 1 1
3 2 1 2 2 2 2 2 2
2 3 4 3 3 3 3 3 3
1 4 3 4 4 4 4 4 4
5 5 5 5 5 5 5 5 5

Permutation of 4 angles
X-O-X
O O O
X-O-X

14
1000355333011130001551110333


0 0 0 0 0 0 0 0 0
3 1 3 1 1 1 1 1 1
4 2 4 2 2 2 2 2 2
1 3 1 3 3 3 3 3 3
2 4 2 4 4 4 4 4 4
5 5 5 5 5 5 5 5 5

Permutation of 4 angles
X O X
 \ /
O O O
 / \
X O X

10
011224433511224433


0 0 0 0 0 0 0 0 0
1 4 1 1 1 1 1 1 1
2 2 2 2 2 2 2 2 2
3 1 3 3 3 3 3 3 3
4 3 4 4 4 4 4 4 4
5 5 5 5 5 5 5 5 5

Permutation of 3 edges (clockwise)
O X O
X O X
O O O

9
4401113441333044


0 5 0 5 0 5 0 5 0
1 1 1 1 1 1 1 1 1
2 2 2 2 2 2 2 2 2
3 3 3 3 3 3 3 3 3
4 4 4 4 4 4 4 4 4
5 0 5 0 5 0 5 0 5

Two-side chess

8
1122441144113344


0 4 0 4 0 4 0 4 0
1 5 1 5 1 5 1 5 1
2 1 2 1 2 1 2 1 2
3 0 3 0 3 0 3 0 3
4 3 4 3 4 3 4 3 4
5 2 5 2 5 2 5 2 5

Chess position

16
05533322532224111322200033200555


------------------------------------------

1 4 1 2 0 3 0 1 0
4 0 3 1 1 1 1 1 1
4 0 2 2 2 2 2 2 2
3 0 2 3 3 3 3 3 3
0 0 0 4 4 4 4 4 4
5 5 5 5 5 5 5 5 5

12
044400412303330222111
